	StromalScore	ImmuneScore	ESTIMATEScore	TumorPurity
GSM711904	723.45130511834	922.769879915742	1646.22118503408	0.662508679878647
GSM711905	-639.053053633428	-234.652607610121	-873.705661243549	0.888496824924356
GSM711906	720.13483080243	776.180128126594	1496.31495892902	0.678829523881866
GSM711907	681.217134817375	1117.76902156065	1798.98615637803	0.645546639749061
GSM711908	-302.285450231643	-224.066610878614	-526.352061110257	0.863955013260409
GSM711909	1809.083657095	2266.61093323695	4075.69459033195	0.359324955678643
GSM711910	1602.73262481394	1728.1377029867	3330.87032780064	0.459005953657937
GSM711911	1558.0868595498	2453.32820467744	4011.41506422724	0.368114146185077
GSM711912	786.433228483891	509.841616048947	1296.27484453284	0.700095344680712
GSM711913	1086.79733370538	1408.51308879679	2495.31042250218	0.564251614171563
GSM711914	1177.64253248084	1126.5483777153	2304.19091019614	0.587188116477033
GSM711915	1105.21735232353	1239.52971385454	2344.74706617807	0.58235894084221
GSM711916	1290.66299248777	664.116910015903	1954.77990250367	0.627914051778511
GSM711917	342.262983191016	781.245157515665	1123.50814070668	0.717976684951657
GSM711918	582.464166321438	534.182805810782	1116.64697213222	0.718677357741699
GSM711919	1613.87720398569	819.982789890708	2433.8599938764	0.571675669838692
GSM711920	978.842029920285	1675.37269791695	2654.21472783723	0.544842429047265
GSM711921	1576.08033863135	2134.28251165645	3710.3628502878	0.408829308022513
GSM711922	1114.34489442562	1432.52963319614	2546.87452762176	0.557986512431816
GSM711923	1319.92359828776	1891.24332365419	3211.16692194195	0.474545017924316
GSM711924	1044.2138506784	1864.2605475404	2908.4743982188	0.513174024296382
GSM711925	-300.852191242898	188.274509729359	-112.577681513539	0.831795321485374
GSM711926	444.19020899317	1125.55926417171	1569.74947316488	0.670875018118415
GSM711927	1766.83892160086	2587.52923652092	4354.36815812178	0.320860978122797
GSM711928	930.49392173099	1269.56827387601	2200.062195607	0.59949140412693
GSM711929	-516.573683541554	-14.0694967883286	-530.643180329883	0.864272033174873
GSM711930	718.833445399365	577.194499503905	1296.02794490327	0.700121222799465
GSM711931	509.529663408826	1198.79078582722	1708.32044923605	0.655653282557452
GSM711932	865.738669468188	1421.30401531577	2287.04268478396	0.589223770974777
GSM711933	1365.17071496247	2187.76974354682	3552.94045850929	0.429806697062993
GSM711934	1398.18085400515	1809.30797437553	3207.48882838068	0.475020186874229
GSM711935	-623.339343661351	-156.843210741661	-780.182554403012	0.88211370884172
GSM711936	495.815455185299	987.311986200253	1483.12744138555	0.68024968249539
GSM711937	216.102631547685	893.433487566479	1109.53611911416	0.719402759419726
GSM711938	51.0999422991616	383.459493894069	434.55943619323	0.784581483992083
GSM711939	280.806985254999	700.642903262899	981.449888517898	0.732334283692694
GSM711940	1324.79724401508	1425.85978393986	2750.65702795494	0.532917368080688
GSM711941	1387.98821055351	1845.45578009255	3233.44399064606	0.471664116322318
GSM711942	900.047495422149	1729.67145624402	2629.71895166617	0.547854029577656
GSM711943	1194.32025828038	1731.21478476858	2925.53504304896	0.51102301118978
GSM711944	1502.83339685881	2414.88504735808	3917.71844421688	0.38086673628072
GSM711945	1336.47187538318	1524.43822043833	2860.91009582151	0.519153914556604
GSM711946	1387.70173774358	1699.66960619599	3087.37134393956	0.490461135572065
GSM711947	1130.39225004644	1940.6534307509	3071.04568079734	0.492548115010764
GSM711948	1524.27880284156	2066.43138089076	3590.71018373232	0.424794181225669
GSM711949	-574.673294090702	-196.771433134348	-771.44472722505	0.88150882648803
GSM711950	1275.54479404813	1488.54259541602	2764.08738946414	0.531248181374195
GSM711951	698.111888555951	1011.24169392813	1709.35358248408	0.655538768358789
GSM711952	360.361852656497	1005.87795255674	1366.23980521324	0.692725234111676
GSM711953	-419.897658717852	-45.6636578035882	-465.56131652144	0.859427140632493
GSM711954	969.008726914142	1596.28658711333	2565.29531402747	0.55574059594175
GSM711955	1511.71641894994	1907.84617937195	3419.56259832188	0.447400872922422
GSM711956	1146.21340994249	1287.98602563066	2434.19943557315	0.571634787822867
GSM711957	-127.58770476527	1243.52642353629	1115.93871877102	0.71874964413698
GSM711958	1532.12182600175	2066.7165217897	3598.83834779145	0.423713759396853
GSM711959	311.885074296156	897.423136762005	1209.30821105816	0.709153388171083
GSM711960	1779.17420245643	2325.58727992967	4104.76148238611	0.355339975555704
GSM711961	-108.092499051463	209.300297894824	101.207798843361	0.813969475907178
GSM711962	1163.70961253697	1586.88366225695	2750.59327479391	0.532925286680796
GSM711963	-502.957855839812	-153.590879763631	-656.548735603443	0.873420544140881
GSM711964	1227.28225542268	1409.68078005122	2636.96303547391	0.546964151226695
GSM711965	1555.12493596127	1883.96005881626	3439.08499477753	0.444836182384539
GSM711966	1381.48676967877	1183.09966566341	2564.58643534217	0.555827099795636
GSM711967	742.389633677901	1157.51183433032	1899.90146800822	0.634163080875856
GSM711968	919.54418396269	1036.91428588705	1956.45846984974	0.627722268367931
GSM711969	304.10589750842	1024.71618127015	1328.82207877857	0.696675956635179
GSM711970	1043.31360302629	2182.67267830198	3225.98628132827	0.472629120814172
GSM711971	1953.67084376116	2019.45524556373	3973.12608932489	0.37333402244656
GSM711972	1071.53558593307	834.424243643254	1905.95982957632	0.633475226212392
GSM711973	927.429008522566	1147.32768236598	2074.75669088854	0.614110894941085
GSM711974	1589.58582428834	1794.07422053354	3383.66004482188	0.452107845917933
GSM711975	470.095674853816	1232.54917499138	1702.6448498452	0.656282106359405
GSM711976	1183.45592079813	915.7869723722	2099.24289317033	0.61127024922444
GSM711977	1215.46991774238	1579.75521796786	2795.22513571024	0.527370308360019
GSM711978	967.313822622664	1337.61775500149	2304.93157762415	0.587100108425745
GSM711979	1256.3218791609	1686.26337887457	2942.58525803548	0.508870111116957
GSM711980	1210.42525476535	1473.3756094749	2683.80086424025	0.541195612437321
GSM711981	736.613562336684	1094.77980503376	1831.39336737045	0.641906327298598
GSM711982	1523.99802336133	1107.59274384558	2631.59076720691	0.547624151168013
GSM711983	1750.53101999205	1617.90005498519	3368.43107497724	0.454100641561582
GSM711984	159.270655952382	808.846153053334	968.116809005715	0.733665586511772
GSM711985	-25.1394350884605	487.599423150455	462.459988061994	0.782035609923997
GSM711986	692.933399586418	816.199566805876	1509.13296639229	0.67744671980486
GSM711987	-544.601216749347	-20.693570642736	-565.294787392083	0.866819453933093
GSM711988	1111.55198756352	1285.08190274983	2396.63389031334	0.576150509219315
GSM711989	316.169981988385	835.508631822994	1151.67861381138	0.715092248449936
GSM711990	1730.1955576545	2067.70335979716	3797.89891745166	0.397069489605701
GSM711991	1346.99092080889	1652.57963157544	2999.57055238433	0.501651627401312
GSM711992	908.528816083909	1210.89758286255	2119.42639894646	0.608922820558738
GSM711993	687.273804648983	1387.21559455281	2074.4893992018	0.614141859756943
GSM1527105	724.969939975572	946.227419279234	1671.19735925481	0.659758041489313
GSM1527106	-582.216972042619	-176.692660598991	-758.90963264161	0.880638543412018
GSM1527107	726.103397977553	799.56197773887	1525.66537571642	0.675659666066473
GSM1527108	677.285510650005	1134.97081681855	1812.25632746856	0.64405775864994
GSM1527109	-269.50010843902	-177.922456439824	-447.422564878844	0.858062841018307
GSM1527110	1784.2589194612	2249.58634234836	4033.84526180955	0.365050860480795
GSM1527111	1581.39800495632	1726.30091418593	3307.69891914225	0.46202511524344
GSM1527112	1535.19834771593	2436.88310455961	3972.08145227554	0.373476271671082
GSM1527113	783.24744837844	538.18146901266	1321.4289173911	0.697454075235789
GSM1527114	1084.06305270237	1412.47722455388	2496.54027725626	0.564102560201176
GSM1527115	1170.4188799602	1143.17604401752	2313.59492397773	0.586070191803076
GSM1527116	1097.13149800083	1243.65445051761	2340.78594851844	0.582831518400534
GSM1527117	1284.46611143782	683.884686860754	1968.35079829857	0.62636242884751
GSM1527118	358.170067473065	807.963349547773	1166.13341702084	0.713607439615439
GSM1527119	590.618430806558	562.973510874002	1153.59194168056	0.71489589461549
GSM1527120	1591.27727404342	848.090307081249	2439.36758112467	0.571012166346717
GSM1527121	976.581444094826	1672.33991451647	2648.9213586113	0.545493813244234
GSM1527122	1558.39255809596	2120.2330243486	3678.62558244456	0.413076402485186
GSM1527123	1114.18876219631	1439.66058146965	2553.84934366597	0.557136601358875
GSM1527124	1307.91627872827	1891.37428121663	3199.2905599449	0.476078813871507
GSM1527125	1041.94186791604	1865.91580716352	2907.85767507956	0.513251720810749
GSM1527126	-266.444929810181	231.267962557307	-35.176967252874	0.825435187467172
GSM1527127	455.885875050065	1143.59068301878	1599.47655806885	0.667632731109684
GSM1527128	1751.40906401754	2566.11732046214	4317.52638447968	0.325978268196168
GSM1527129	933.125238337917	1280.20540134812	2213.33063968604	0.597931402694843
GSM1527130	-471.894407197712	43.8173033397617	-428.07710385795	0.85660107596195
GSM1527131	724.844381914009	600.810231165358	1325.65461307937	0.697009427928765
GSM1527132	518.177734302463	1213.66973380729	1731.84746810976	0.653041775863755
GSM1527133	863.26608692704	1426.0033892058	2289.26947613284	0.588959640695061
GSM1527134	1351.88046408927	2167.38587140834	3519.26633549762	0.434264539812925
GSM1527135	1388.90011510313	1809.98753997676	3198.88765507989	0.476130822457827
GSM1527136	-586.390221900464	-98.489654661083	-684.879876561547	0.875438125571569
GSM1527137	507.336019862964	1013.06229245177	1520.39831231473	0.676229436267356
GSM1527138	242.473910888478	911.124963633634	1153.59887452211	0.714895183035294
GSM1527139	85.5685882493456	417.572183955923	503.140772205268	0.778300069111509
GSM1527140	299.387719693101	741.661120165161	1041.04883985826	0.7263491297505
GSM1527141	1321.15127523018	1432.065356585	2753.21663181518	0.532599408368626
GSM1527142	1376.23426520541	1837.46327846476	3213.69754367018	0.474218009290892
GSM1527143	904.986597979002	1723.32042789553	2628.30702587453	0.54802740138035
GSM1527144	1189.25974121587	1731.16685773356	2920.42659894943	0.51166742268079
GSM1527145	1483.9505168142	2401.49738599407	3885.44790280826	0.385242364459365
GSM1527146	1325.88433983142	1527.95663740534	2853.84097723675	0.520040506879999
GSM1527147	1373.469197691	1699.54931402043	3073.01851171144	0.492296069603267
GSM1527148	1126.4730453495	1921.6866026735	3048.15964802301	0.495468969911052
GSM1527149	1503.92889956129	2056.64721959745	3560.57611915874	0.42879440967965
GSM1527150	-518.041406942492	-132.384934899056	-650.426341841549	0.872982556288612
GSM1527151	1264.54917591337	1489.12405681809	2753.67323273146	0.532542680478774
GSM1527152	700.526714840151	1029.6665473738	1730.19326221395	0.653225648175028
GSM1527153	370.954975336666	1035.66133837506	1406.61631371173	0.688438672620798
GSM1527154	-381.906987483943	11.7787591104565	-370.128228373486	0.852181104537891
GSM1527155	977.736789226405	1595.01125464764	2572.74804387404	0.554830781752878
GSM1527156	1491.78976024083	1904.84393872229	3396.63369896312	0.450408388363011
GSM1527157	1139.95829000165	1294.59648467575	2434.55477467741	0.571591989618889
GSM1527158	-101.80247892174	1262.27615515333	1160.47367623159	0.714189195732652
GSM1527159	1516.37593670878	2056.77312606797	3573.14906277675	0.427126395531358
GSM1527160	341.109248816209	926.258620051113	1267.36786886732	0.703118893573155
GSM1527161	1765.20991038491	2306.68402122424	4071.89393160915	0.359845532094536
GSM1527162	-77.6959065874067	251.29859358535	173.602686997944	0.807750484217701
GSM1527163	1160.77577849647	1589.66500891131	2750.44078740778	0.532944226519125
GSM1527164	-465.02325364235	-112.557854612451	-577.581108254801	0.867717303475964
GSM1527165	1218.1888254436	1417.45038346347	2635.63920890707	0.547126819053728
GSM1527166	1539.13491024871	1874.4763490923	3413.61125934101	0.448181980719636
GSM1527167	1367.05389725767	1196.95728142781	2564.01117868548	0.555897293445295
GSM1527168	751.731044384743	1167.96409894243	1919.69514332717	0.63191389064187
GSM1527169	919.796578905557	1055.15885172282	1974.95543062838	0.625606391283615
GSM1527170	333.507102605564	1044.4891341434	1377.99623674896	0.691479620027526
GSM1527171	1036.39197831057	2175.67289295219	3212.06487126276	0.474428991804941
GSM1527172	1929.51198330927	2011.16678772205	3940.67877103132	0.377748289849284
GSM1527173	1065.84285526091	864.201013338274	1930.04386859918	0.630735821919549
GSM1527174	938.2945472281	1162.41243875114	2100.70698597924	0.611100149163956
GSM1527175	1566.50969115392	1793.44158039077	3359.95127154469	0.455209288215252
GSM1527176	480.615673029571	1247.91643918712	1728.53211221669	0.653410253596419
GSM1527177	1185.0656141073	927.19592114897	2112.26153525627	0.609756738048328
GSM1527178	1206.00868864097	1585.3655808912	2791.37426953217	0.527850491180254
GSM1527179	964.524487965142	1346.5510502442	2311.07553820934	0.586369799428204
GSM1527180	1253.37947775554	1683.28021183453	2936.65968959007	0.509618684096594
GSM1527181	1203.62732909614	1475.94784841898	2679.57517751512	0.541717101222623
GSM1527182	734.772301152056	1111.30046159023	1846.07276274229	0.640252601110782
GSM1527183	1514.00402215897	1119.03495753605	2633.03897969501	0.547446267249746
GSM1527184	1733.51490300713	1617.74070078883	3351.25560379596	0.456345424435133
GSM1527185	178.668726864166	834.478717766271	1013.14744463044	0.729158042918889
GSM1527186	5.89935277319881	522.858117236205	528.757470009404	0.775933549537214
GSM1527187	694.121160488395	834.368882793626	1528.49004328202	0.675353938242489
GSM1527188	-502.376046192354	27.8539278420351	-474.522118350319	0.86009887629833
GSM1527189	1105.6401181032	1287.34017031288	2392.98028841608	0.576588772935388
GSM1527190	331.177457760731	855.578069625384	1186.75552738612	0.711483560571136
GSM1527191	1708.5852717189	2048.75666878185	3757.34194050075	0.402526285778376
GSM1527192	1332.53550711429	1652.06203485689	2984.59754197118	0.503551720065084
GSM1527193	904.13291395529	1219.41966529555	2123.55257925084	0.608442269315686
GSM1527194	698.372860828307	1401.70413865369	2100.07699948199	0.611173345211634
GSM1527195	1080.95669631504	1518.22877609056	2599.1854724056	0.551598005820238
GSM1527196	601.877156975326	1367.15173268216	1969.02888965749	0.626284834292055
GSM1527197	559.419409647622	1140.59288153595	1700.01229118358	0.656573624117794
GSM1527198	542.32117461362	746.647272552573	1288.96844716619	0.700860755833617
GSM1527199	1621.06121742405	1687.42959445062	3308.49081187467	0.461922022129024
GSM1527200	1681.28147793284	2670.08359292063	4351.36507085348	0.321278457612002
GSM1527201	-116.234831351634	450.411602942203	334.176771590569	0.793632066205122
GSM1527202	1475.38189283896	1347.45632152526	2822.83821436422	0.523922175244368
GSM1527203	873.81368184983	1400.09732481809	2273.91100666792	0.59078010036962
GSM1527204	1498.81998582573	1526.44585580615	3025.26584163188	0.498385222417234
GSM1527205	870.550591673652	1298.61264160341	2169.16323327706	0.603115441739441
GSM1527206	21.8648897393739	477.172508679675	499.037398419049	0.778678124938978
GSM1527207	634.667740408481	1040.81499222239	1675.48273263087	0.659285198877761
GSM1527208	-49.2365859408457	405.779705799361	356.543119858515	0.791630348587385
GSM1527209	1142.34810350324	1414.39243589987	2556.74053940311	0.556784125568332
GSM1527210	933.190593860419	1467.41185707132	2400.60245093174	0.575674277228405
GSM1527211	1047.64550886489	1416.48663202439	2464.13214088928	0.56802415422304
GSM1527212	1804.64092760049	1504.37485506277	3309.01578266326	0.461853674995902
GSM1527213	611.720827589358	1309.46205443737	1921.18288202673	0.631744620487778
GSM1527214	70.7870901805798	516.625934765063	587.413024945643	0.770473570512419
GSM1527215	991.66359144512	1309.22574037129	2300.88933181641	0.587580334260838
GSM1527216	1040.26306451536	1249.26160416346	2289.52466867882	0.588929367077826
GSM1527217	-120.223050181174	591.038785555187	470.815735374013	0.781270608999585
GSM1527218	374.38512261169	829.999459724208	1204.3845823359	0.709662767878549
GSM1527219	1844.08902815144	2260.85558595568	4104.94461410712	0.355314848186178
GSM1527220	941.12699422631	989.007359662479	1930.13435388879	0.630725514915255
GSM1527221	660.729422128496	1103.55797175191	1764.28739388041	0.649428166723411
GSM1527222	343.293729603743	489.49183871993	832.785568323673	0.747018462300177
GSM1527223	901.460924116341	1043.9765460893	1945.43747020564	0.628980767291385
GSM1527224	1592.24017423564	1699.6083426699	3291.84851690554	0.464087296168256
GSM1527225	1012.49405993704	692.491390292642	1704.98545022968	0.656022836451249
GSM1527226	545.86397864821	1270.95327421617	1816.81725286438	0.643545469267751
GSM1527227	469.997210238099	1102.99453845508	1572.99174869318	0.67052200769433
GSM1527228	1180.68485336303	1594.69847481826	2775.38332818129	0.529842671648306
GSM1527229	1237.43212745825	1508.38523350669	2745.81736096494	0.533518356696635
GSM1527230	2024.99662470599	1826.58891610774	3851.58554081374	0.38982453468356
GSM1527231	1941.22055314858	2562.08979555613	4503.3103487047	0.300078937622644
GSM1527232	1112.80931276054	1481.40326754358	2594.21258030412	0.552206728206161
GSM1527233	1.0954513287027	343.89713327924	344.992584607942	0.792665151880504
GSM1527234	501.452059506204	546.493553339004	1047.94561284521	0.725652932062067
GSM388076	1078.16791513821	3049.62222922315	4127.79014436137	0.352178221667596
GSM388077	1083.78488609952	3075.16481909177	4158.94970519129	0.347893724517148
GSM388078	-898.321418248295	-814.498666525733	-1712.82008477403	0.938144286994246
GSM388079	-820.970543924073	-866.133531334767	-1687.10407525884	0.936830598110876
GSM388080	-1149.78087725487	-736.287858091561	-1886.06873534643	0.946645299246198
GSM388081	-1123.80106479388	-781.353109022502	-1905.15417381638	0.94754444988553
GSM388082	-1047.23944690938	-824.415628903427	-1871.65507581281	0.945961320113142
GSM388083	1081.19142893166	3075.75770269078	4156.94913162244	0.348169026671221
GSM388084	-1065.68585802308	-830.627311691242	-1896.31316971432	0.947128857824791
GSM388085	2045.22724818504	2696.43877436215	4741.66602254719	0.266526683530146
GSM388086	699.094724610059	1359.14084719663	2058.23557180669	0.616023030850025
GSM388087	-143.226844389434	1762.73177491132	1619.50493052189	0.665441096168337
GSM388088	-68.4929043868702	1410.03272743345	1341.53982304658	0.695335514914164
GSM388089	-116.010763713377	1113.15629854748	997.145534834099	0.730763485121156
GSM388090	-44.0853139885373	181.737561523651	137.652247535114	0.810850206981216
GSM388091	2060.91844239262	2533.65211693277	4594.57055932539	0.287273815451345
GSM388092	-437.237738334694	-594.772979749213	-1032.01071808391	0.898919210985828
GSM388093	-95.885456589013	-12.4971590522733	-108.382615641286	0.831453351231203
GSM388094	-1033.64953859472	-833.789332640833	-1867.43887123556	0.945760445660231
GSM388095	-453.048635652968	-429.830070295225	-882.878705948193	0.889113903354357
GSM388096	1666.37094183335	1282.06123866819	2948.43218050153	0.508131096067056
GSM388097	1969.05527134714	2329.79385651883	4298.84912786597	0.328568890525011
GSM388098	-828.986279072932	-720.171656996363	-1549.15793606929	0.929556303358687
GSM388099	778.664435160801	604.065070679274	1382.72950584008	0.690977540398294
GSM388100	-573.126444963844	-640.699743878508	-1213.82618884235	0.910290279036253
GSM388101	-900.133291588408	-688.302373294346	-1588.43566488275	0.931666472984532
GSM388102	-343.382386202532	-528.889650593987	-872.272036796519	0.888400238220083
GSM388103	-716.975191755569	-672.278593167037	-1389.25378492261	0.920647356853421
GSM388104	1707.51232454155	3075.2023545588	4782.71467910035	0.260714369726571
GSM388105	1649.19109462962	2119.91638579656	3769.10748042617	0.40094473491303
GSM388106	-441.678896306813	963.294877583913	521.615981277099	0.776594398321553
GSM388107	-159.794957629255	1238.61794758611	1078.82298995686	0.722526893851145
GSM388108	-734.139582223308	-576.641267911595	-1310.7808501349	0.91608944852446
GSM388109	-743.840148486725	-409.817558412555	-1153.65770689928	0.906598620896176
GSM388110	-881.260609588688	-863.573346203908	-1744.8339557926	0.939761017381171
GSM388111	-118.160743733751	401.768192924324	283.607449190573	0.798126292287319
GSM388112	-958.961513259633	-826.973791600024	-1785.93530485966	0.941806243759428
GSM388113	-259.245536299194	-511.908959546826	-771.15449584602	0.881488710123215
GSM388114	1073.41694035519	3179.01185626859	4252.42879662377	0.334996867803872
GSM388115	1815.10978471537	2676.59653358827	4491.70631830364	0.301703339219022
GSM388116	1872.99713516204	2670.07842599611	4543.07556115814	0.294505790406363
GSM388117	1296.60586270818	1083.89015259963	2380.49601530781	0.578085057646753
GSM388118	1314.34523644387	1048.45347875773	2362.79871520161	0.580202814512086
GSM388119	1303.11586660813	1444.26977162761	2747.38563823574	0.533323637898207
GSM388120	1301.99240938583	1455.57979926541	2757.57220865125	0.532058176080041
GSM388121	1232.68810044444	521.041605466781	1753.72970591122	0.65060584889494
GSM388122	2109.83274450853	1998.4596530111	4108.29239751963	0.35485545604138
GSM388123	1552.82338573294	1624.01116453208	3176.83455026502	0.478974980994882
GSM388124	1420.97932319989	3131.69628515557	4552.67560835545	0.293158820239202
GSM388125	1985.24097437572	2655.86736891349	4641.10834328921	0.280723902242476
GSM388126	897.974990555755	1552.33915160727	2450.31414216303	0.569692317674615
GSM388127	1433.23081334737	1471.06217460382	2904.29298795119	0.513700727674631
GSM388128	2105.55964180818	2146.59765808503	4252.15729989322	0.335034417396748
GSM388129	954.877030466907	845.607873358636	1800.48490382554	0.645378606503906
GSM388130	1915.82075987617	2321.99018928191	4237.81094915808	0.337017843571277
GSM388131	1703.87498751175	1869.12069802049	3572.99568553224	0.427146752400454
GSM388132	1182.58160375418	1466.68940586298	2649.27100961716	0.545450796522784
GSM388133	1618.30051092889	1769.83077081776	3388.13128174665	0.451522330146379
GSM388134	1411.99299890758	1711.47675073387	3123.46974964145	0.485836539510175
GSM388135	1373.55756737411	914.241096955448	2287.79866432955	0.589134107713469
GSM388136	2020.80411124575	2304.90823187213	4325.71234311788	0.324842064253691
GSM388137	740.307517130266	1497.81765898224	2238.1251761125	0.595010177284344
GSM388138	806.245492454759	385.164861833946	1191.4103542887	0.711003255595435
GSM388139	1443.99971601882	1541.51535028404	2985.51506630286	0.503435355014743
GSM388140	841.575378614252	876.431117574498	1718.00649618875	0.654579073423716
GSM388141	1924.35543753856	2500.35459478876	4424.71003232732	0.311064617406142
GSM388142	1183.77351467559	1029.77683651812	2213.5503511937	0.597905551601951
GSM388143	1245.92179121655	1515.52512459732	2761.44691581387	0.531576514771954
GSM388144	1390.46655930345	604.636509718752	1995.1030690222	0.623296445166485
GSM388145	997.586050949293	933.804065123528	1931.39011607282	0.630582461987453
GSM388146	1302.91602125985	775.741831656954	2078.65785291681	0.613658851271213
GSM388147	1478.66848057264	1915.88422728594	3394.55270785858	0.450681093732482
GSM388148	792.713202959413	639.121791830828	1431.83499479024	0.685749059253178
GSM388149	1923.884434145	1998.71314635694	3922.59758050193	0.380204418128739
GSM388150	1626.44864967792	1119.18746414699	2745.63611382491	0.533540858691614
GSM388151	1946.06218075689	2763.1230612799	4709.18524203679	0.27111897547442
GSM388152	1912.25243570808	2287.18298271073	4199.43541841881	0.342316006088009
GSM388153	1208.10786094618	1573.20969952729	2781.31756047347	0.529103714304034
GSM414924	296.857540818545	467.156222617457	764.013763436002	0.75369141028947
GSM414925	997.843119985	811.856494754587	1809.69961473959	0.644344805868466
GSM414926	49.004868406958	622.592763296182	671.59763170314	0.762537497599546
GSM414927	234.78141268389	447.931852651956	682.713265335846	0.761480899356954
GSM414928	134.59062370124	770.37883019532	904.96945389656	0.739932566411701
GSM414929	436.124030503169	962.724214322532	1398.8482448257	0.689265251002277
GSM414930	22.1115232688059	-340.0873854615	-317.975862192694	0.848150527950051
GSM414931	1029.06775632875	307.223602749438	1336.29135907819	0.695888993434541
GSM414932	1797.71510659682	1994.55751138328	3792.2726179801	0.397827333179138
GSM414933	352.479028726935	-141.687065193224	210.791963533711	0.804520277223413
GSM414934	2236.80830295535	2463.12746059193	4699.93576354728	0.272425589218937
GSM414935	1863.14132799889	1616.97677151968	3480.11809951857	0.439433710576494
GSM414936	1328.30659036387	1766.45811353614	3094.76470390001	0.489515083375492
GSM414937	1715.10284731464	2004.78824636144	3719.89109367608	0.407552498515607
GSM414938	64.7284086599004	962.93895765944	1027.66736631934	0.727697804255808
GSM414939	1578.58370123058	1877.31009973677	3455.89380096735	0.442625053403884
GSM414940	1824.6376003432	2327.61571848934	4152.25331883254	0.348815107048637
GSM414941	1260.18997660315	1398.3074879815	2658.49746458465	0.544315169130029
GSM414942	-305.279025193249	-818.711163455386	-1123.99018864864	0.904752310479695
GSM414943	1764.44926317644	2205.09205266124	3969.54131583768	0.373822127830417
GSM414944	286.218555232043	1313.28465945496	1599.503214687	0.667629817999717
GSM414945	-511.329456312475	-639.520184426425	-1150.8496407389	0.906424601526267
GSM414946	948.473916703656	542.992521485736	1491.46643818939	0.679351955159155
GSM414947	47.4245907895061	145.327481074487	192.752071863993	0.80609019637965
GSM414948	1012.08231166635	1351.28728386774	2363.36959553409	0.580134560850202
GSM414949	1772.71772258507	1827.50220553125	3600.21992811631	0.423530055258766
GSM414950	1826.83501780867	2321.2074496462	4148.04246745486	0.349394322358992
GSM414951	1721.46116901823	2202.80722587602	3924.26839489425	0.379977568654752
GSM414952	1784.55029398657	2835.38061063437	4619.93090462094	0.283706142042708
GSM414953	2315.73463917215	2876.60053141719	5192.33517058933	0.202230114705683
GSM414954	1419.60866529311	2164.69298964122	3584.30165493434	0.425645597316016
GSM414955	1906.58561074322	2478.51071225258	4385.0963229958	0.31658567933677
GSM414956	2028.75094211637	1891.03738917933	3919.7883312957	0.380585783385258
GSM414957	765.492451172621	792.148527423363	1557.64097859598	0.672192015055824
GSM414958	702.366233684807	912.534827438579	1614.90106112339	0.665945391319934
GSM414959	1003.11991041027	1823.15576871372	2826.27567912399	0.52349232444979
GSM414960	192.286940426006	1588.06331430466	1780.35025473067	0.647633406276461
GSM414961	1863.50085471638	2166.30990782997	4029.81076254635	0.365602143746958
GSM414962	236.892770604698	1259.64389620528	1496.53666680997	0.678805626489871
GSM414963	1850.21399457053	2190.70418827677	4040.9181828473	0.364084091414694
GSM414964	1533.2184210948	2226.9306780797	3760.14909917449	0.402149049947992
GSM414965	1001.57123908878	1769.6587551796	2771.22999426838	0.530359624377845
GSM414966	-1241.04556853996	-1083.76499444075	-2324.81056298072	0.965423831380623
GSM414967	101.102319391256	471.637211480545	572.739530871801	0.771844832229094
GSM414968	1919.7029389843	2025.46006191136	3945.16300089566	0.377138744711629
GSM414969	829.443047955263	1062.63085076441	1892.07389871967	0.635051065283841
GSM414970	1757.34276131683	2457.14953004242	4214.49229135925	0.340238525345101
GSM414971	1426.95924701701	1475.97874113423	2902.93798815124	0.513871366135083
GSM414972	-976.337036773204	-936.626035307677	-1912.96307208088	0.94791019816647
GSM414973	901.664755121808	1470.67913500463	2372.34389012644	0.579061071541973
GSM414974	1245.60525996958	1180.01510443433	2425.6203644039	0.572667606903324
GSM414975	-1039.19533468932	-1201.38043539507	-2240.57577008439	0.962126821716655
